7000 2000 6000 4000
8026 1557 7419 2601
8408 1122 7779 2128
7988 918 7662 1958
7222 924 7371 2003
6541 1105 7135 2165
6191 1443 7063 2327
6331 1813 7147 2395
7000 1911 7296 2350
7894 1579 7404 2260
8313 1180 7425 2194
8012 974 7382 2179
7351 960 7322 2199
6720 1110 7283 2240
6371 1393 7284 2264
6443 1709 7307 2267
6978 1824 7335 2254
7734 1589 7350 2238
8165 1242 7349 2229
7983 1034 7339 2229
7433 999 7330 2235
6865 1114 7326 2240
6516 1352 7329 2242
6532 1628 7333 2240
6957 1754 7336 2238
7605 1590 7336 2236
8033 1291 7333 2237
7948 1085 7330 2239
7491 1033 7331 2240
6978 1122 7331 2241
6640 1323 7332 2241
6622 1562 7334 2240
6953 1689 7335 2239
7499 1581 7335 2238
7909 1331 7334 2238
7897 1133 7335 2237
7533 1067 7334 2237
7072 1133 7332 2238
6748 1302 7331 2239
6690 1513 7332 2239
6952 1641 7334 2238
7427 1569 7334 2238
7816 1356 7334 2238
7851 1170 7335 2237
7551 1097 7335 2236
7142 1145 7333 2237
6831 1290 7334 2237
6760 1475 7332 2238
6968 1595 7332 2239
7369 1553 7334 2238
7730 1376 7332 2239
7800 1203 7333 2239
7563 1124 7333 2239
7203 1155 7334 2238
6902 1278 7334 2238
6813 1443 7333 2238
6975 1560 7333 2238
7323 1539 7334 2238
7659 1391 7335 2237
7750 1232 7335 2236
7569 1150 7332 2237
7252 1166 7329 2240
6972 1268 7331 2241
6865 1414 7332 2241
6985 1526 7335 2239
7280 1524 7335 2238
7589 1404 7334 2238
7704 1260 7338 2236
7573 1174 7336 2235
7300 1176 7332 2237
7038 1259 7332 2238
6917 1387 7334 2238
6994 1496 7335 2237
7246 1509 7333 2237
7529 1414 7330 2239
7663 1282 7331 2240
7567 1197 7331 2241
7330 1190 7333 2240
7091 1257 7334 2239
6967 1369 7334 2238
7019 1467 7332 2239
7226 1489 7334 2238
7474 1417 7333 2238
7613 1303 7334 2238
7559 1219 7336 2237
7358 1202 7333 2237
7139 1254 7331 2238
7008 1351 7331 2239
7034 1444 7333 2239
7207 1474 7334 2238
7433 1418 7332 2239
7571 1318 7333 2239
7544 1237 7333 2239
7379 1213 7333 2239
7173 1255 7333 2239
7045 1340 7335 2238
7051 1426 7333 2238
7195 1461 7331 2239
7396 1420 7331 2240
7538 1331 7332 2240
7531 1253 7336 2238
7395 1224 7336 2237
7209 1255 7337 2235
7080 1328 7333 2236
7069 1408 7329 2240
7186 1447 7330 2241
7369 1417 7331 2241
7507 1340 7332 2241
7517 1266 7334 2240
7399 1235 7336 2238
7231 1259 7334 2238
7107 1323 7336 2237
7085 1397 7334 2237
7182 1437 7333 2237
7345 1416 7331 2238
7474 1350 7330 2240
7498 1281 7331 2241
7409 1247 7334 2240
7264 1261 7337 2237
7143 1314 7337 2235
7108 1380 7334 2235
7180 1421 7335 2235
7320 1411 7335 2235
7447 1356 7331 2238
7484 1292 7330 2240
7412 1256 7334 2239
7279 1264 7334 2238
7165 1309 7333 2238
7123 1370 7332 2239
7180 1411 7332 2239
7304 1406 7334 2238
7418 1362 7334 2238
7464 1305 7333 2238
7413 1267 7333 2238
7300 1268 7333 2238
7192 1305 7332 2239
7143 1359 7332 2239
7182 1400 7331 2240
7289 1402 7336 2238
7400 1364 7338 2236
7448 1311 7336 2235
7408 1275 7332 2237
7306 1274 7331 2238
7206 1306 7330 2240
7160 1353 7331 2241
7187 1392 7336 2238
7278 1398 7336 2237
7382 1366 7333 2237
7433 1319 7332 2238
7406 1283 7334 2238
7319 1278 7332 2239
7226 1303 7332 2239
7175 1346 7332 2239
7191 1383 7331 2240
7270 1392 7334 2239
7365 1367 7336 2237
7420 1324 7336 2236
7401 1290 7333 2237
7328 1282 7334 2237
7242 1302 7333 2237
7186 1341 7333 2237
7194 1377 7334 2237
7263 1388 7332 2238
7350 1369 7332 2239
7406 1331 7334 2238
7400 1298 7335 2237
7338 1286 7333 2237
7257 1301 7333 2237
7201 1335 7331 2238
7200 1370 7329 2240
7258 1383 7329 2242
7336 1369 7334 2240
7392 1336 7337 2237
7394 1304 7335 2236
7344 1290 7332 2237
7271 1300 7330 2239
7213 1329 7330 2240
7203 1362 7332 2240
7246 1380 7334 2239
7319 1372 7336 2237
7381 1343 7336 2236
7396 1310 7338 2234
7356 1292 7332 2236
7286 1298 7330 2239
7226 1323 7331 2240
7209 1354 7333 2240
7241 1373 7335 2239
7304 1370 7337 2237
7361 1347 7336 2236
7382 1319 7334 2236
7356 1300 7330 2239
7299 1301 7331 2240
7245 1320 7332 2240
7219 1348 7335 2239
7241 1368 7334 2238
7295 1368 7336 2237
7347 1351 7335 2236
7375 1324 7332 2237
7359 1304 7332 2238
7309 1301 7333 2238
7255 1316 7332 2239
7227 1342 7332 2239
7237 1363 7333 2239
7283 1368 7334 2238
7335 1355 7333 2238
7371 1329 7334 2238
7363 1308 7334 2238
7321 1301 7333 2238
7266 1313 7333 2238
7229 1337 7333 2238
7233 1360 7331 2239
7273 1369 7332 2239
7330 1358 7331 2240
7368 1334 7332 2240
7368 1311 7332 2240
7329 1301 7334 2239
7275 1310 7336 2237
7236 1331 7334 2237
7229 1356 7331 2238
7265 1367 7330 2240
7319 1359 7332 2240
7360 1337 7332 2240
7364 1314 7334 2239
7330 1304 7334 2238
7281 1311 7336 2237
7242 1331 7336 2236
7237 1352 7333 2237
7266 1363 7333 2237
7310 1358 7331 2238
7347 1340 7332 2239
7357 1320 7331 2240
7332 1310 7332 2240
7292 1313 7334 2239
7257 1327 7336 2237
7247 1346 7336 2236
7264 1358 7333 2237
7301 1356 7333 2237
7336 1342 7332 2238
7344 1326 7331 2239
7329 1316 7330 2240
7298 1317 7331 2241
7267 1329 7333 2240
7257 1343 7336 2238
7269 1353 7337 2236
7298 1353 7336 2235
7327 1343 7333 2236
7341 1328 7334 2236
7329 1318 7331 2238
7301 1318 7329 2240
7273 1327 7333 2240
7259 1341 7338 2236
7267 1352 7336 2235
7294 1353 7332 2237
7326 1343 7329 2240
7341 1328 7332 2240
7330 1318 7334 2239
7303 1317 7333 2239
7273 1326 7334 2238
7259 1340 7335 2237
7268 1351 7334 2237
7295 1352 7333 2237
7323 1343 7331 2238
7336 1331 7331 2239
7330 1321 7331 2240
7310 1318 7335 2239
7284 1323 7338 2236
7267 1334 7334 2236
7267 1345 7332 2237
7285 1350 7331 2238
7312 1346 7329 2240
7332 1334 7331 2241
7332 1323 7336 2238
7313 1318 7339 2235
7285 1323 7336 2234
7264 1335 7333 2236
7266 1346 7329 2240
7287 1350 7330 2241
7311 1346 7332 2241
7331 1334 7336 2238
7330 1323 7336 2237
7310 1319 7333 2237
7282 1325 7330 2239
7266 1337 7332 2239
7271 1346 7331 2240
7291 1349 7331 2241
7315 1344 7334 2240
7332 1333 7336 2238
7329 1323 7335 2237
7309 1321 7336 2236
7288 1325 7333 2237
7274 1334 7332 2238
7273 1343 7335 2237
7288 1347 7333 2237
7309 1343 7330 2239
7323 1335 7329 2241
7323 1327 7330 2242
7310 1323 7333 2240
7290 1327 7334 2239
7279 1334 7335 2238
7278 1342 7336 2237
7292 1345 7334 2237
7309 1341 7333 2237
7321 1333 7330 2239
7319 1326 7331 2240
7305 1324 7331 2241
7288 1329 7334 2240
7279 1336 7336 2238
7280 1342 7334 2238
7294 1344 7332 2239
7312 1339 7331 2240
7318 1333 7333 2240
7316 1328 7337 2237
7305 1326 7334 2237
7292 1329 7331 2238
7285 1335 7330 2240
7288 1339 7333 2240
7295 1340 7334 2239
7305 1339 7337 2237
7309 1335 7338 2235
7310 1331 7333 2236
7304 1330 7330 2239
7298 1330 7331 2240
7291 1333 7332 2240
7287 1337 7334 2239
7291 1340 7334 2238
7300 1340 7335 2237
7309 1336 7333 2237
7313 1331 7331 2238
7307 1329 7330 2240
7299 1330 7330 2241
7292 1333 7333 2240
7291 1336 7334 2239
7295 1337 7333 2239
7299 1338 7335 2238
7307 1335 7344 2232
7229 1360 6041 3008
7244 1379 6305 3400
7318 1371 7307 2706
7380 1342 7784 2184
7394 1309 7744 1975
7354 1291 7486 1980
7269 1302 7149 2157
7134 1359 6927 2415
7078 1437 6990 2558
7193 1473 7270 2461
7419 1422 7504 2262
7567 1323 7544 2132
7549 1240 7452 2104
7390 1213 7317 2158
7185 1251 7217 2251
6989 1355 7205 2320
6910 1493 7273 2325
7099 1563 7363 2274
7466 1486 7407 2218
7722 1323 7398 2188
7704 1189 7357 2192
7454 1144 7313 2220
7133 1197 7294 2249
6845 1343 7305 2261
6763 1532 7328 2256
7011 1637 7352 2238
7490 1540 7359 2223
7838 1325 7345 2221
7823 1153 7327 2231
7506 1094 7319 2242
7102 1153 7324 2246
6766 1320 7330 2245
6663 1543 7336 2241
6903 1691 7339 2236
7459 1600 7342 2232
7907 1346 7340 2230
7930 1135 7334 2232
7576 1057 7331 2235
7105 1113 7329 2239
6710 1291 7329 2241
6559 1547 7336 2238
6815 1732 7339 2235
7420 1651 7337 2234
7950 1369 7335 2234
8014 1127 7334 2235
7642 1031 7333 2236
7122 1080 7333 2237
6677 1262 7335 2236
6507 1532 7336 2235
6748 1744 7336 2234
7358 1688 7331 2237
7945 1399 7331 2238
8062 1135 7331 2239
7702 1022 7333 2239
7162 1059 7337 2237
6707 1229 7336 2236
6510 1492 7335 2236
6702 1718 7336 2235
7263 1707 7334 2235
7874 1442 7337 2234
8067 1166 7335 2234
7763 1032 7331 2237
7237 1049 7329 2240
6759 1202 7332 2240
6522 1455 7334 2239
6659 1695 7336 2237
7185 1720 7338 2235
7810 1478 7338 2233
8064 1195 7338 2232
7813 1043 7335 2233
7303 1043 7332 2236
6816 1178 7331 2238
6545 1420 7337 2236
6643 1663 7336 2235
7121 1718 7333 2236
7737 1506 7333 2237
8038 1226 7332 2238
7844 1062 7331 2239
7365 1045 7333 2239
6885 1161 7337 2236
6598 1383 7335 2236
6654 1617 7335 2236
7063 1699 7333 2237
7644 1529 7335 2236
7981 1264 7338 2234
7856 1090 7339 2232
7426 1057 7334 2234
6964 1152 7331 2237
6654 1353 7332 2238
6667 1579 7334 2238
7020 1679 7335 2237
7566 1544 7334 2237
7925 1297 7333 2237
7860 1117 7333 2237
7477 1068 7333 2237
7031 1145 7335 2236
6722 1323 7336 2235
6695 1535 7334 2235
6991 1648 7330 2238
7486 1551 7332 2239
7853 1328 7336 2237
7844 1149 7336 2236
7519 1087 7337 2235
7102 1146 7338 2233
6794 1303 7333 2235
6738 1497 7327 2240
6979 1614 7328 2242
7420 1549 7331 2242
7780 1354 7335 2239
7816 1179 7337 2237
7545 1108 7338 2235
7162 1149 7338 2233
6853 1288 7334 2235
6771 1468 7333 2236
6965 1589 7332 2237
7364 1550 7332 2238
7723 1377 7334 2238
7799 1205 7334 2238
7574 1123 7335 2237
7216 1149 7338 2235
6911 1269 7340 2232
6800 1438 7338 2232
6955 1563 7336 2233
7311 1546 7332 2236
7661 1396 7328 2240
7769 1231 7331 2241
7590 1143 7337 2238
7265 1155 7337 2236
6971 1257 7335 2236
6840 1410 7333 2237
6952 1534 7333 2237
7265 1538 7333 2237
7600 1412 7334 2237
7735 1256 7336 2236
7600 1162 7335 2236
7307 1161 7334 2236
7021 1249 7332 2237
6880 1389 7332 2238
6963 1508 7334 2238
7235 1525 7338 2236
7547 1421 7341 2232
7696 1277 7336 2233
7598 1182 7332 2236
7339 1172 7330 2239
7072 1244 7330 2240
6924 1368 7333 2240
6973 1484 7338 2236
7207 1513 7339 2233
7498 1429 7336 2234
7659 1297 7332 2236
7596 1201 7330 2239
7370 1181 7333 2239
7117 1240 7336 2237
6964 1351 7336 2236
6991 1459 7336 2235
7186 1496 7335 2235
7449 1432 7335 2235
7614 1315 7337 2234
7583 1221 7335 2234
7391 1195 7333 2236
7161 1240 7337 2235
7006 1336 7338 2233
7005 1438 7336 2234
7169 1482 7331 2237
7409 1435 7331 2238
7578 1331 7332 2239
7574 1238 7337 2237
7412 1204 7337 2235
7196 1238 7335 2235
7039 1324 7332 2237
7022 1420 7330 2239
7159 1468 7330 2240
7376 1434 7335 2239
7543 1342 7341 2234
7558 1255 7340 2231
7425 1217 7338 2231
7231 1240 7331 2235
7077 1314 7329 2239
7043 1402 7330 2240
7148 1455 7336 2238
7343 1434 7338 2236
7509 1355 7340 2233
7546 1270 7338 2232
7438 1227 7333 2234
7260 1241 7330 2237
7109 1305 7329 2240
7059 1387 7333 2240
7140 1442 7337 2237
7313 1433 7339 2234
7477 1365 7338 2233
7530 1284 7333 2235
7446 1238 7332 2237
7286 1245 7332 2238
7139 1299 7335 2237
7082 1373 7339 2234
7145 1427 7339 2232
7291 1426 7336 2233
7443 1371 7333 2235
7506 1299 7331 2238
7448 1251 7333 2238
7310 1250 7332 2239
7173 1293 7334 2238
7105 1359 7336 2237
7142 1414 7337 2235
7269 1422 7334 2235
7414 1377 7333 2236
7487 1310 7333 2237
7448 1261 7336 2236
7327 1253 7337 2235
7195 1288 7337 2234
7121 1348 7333 2236
7139 1403 7333 2237
7251 1418 7330 2239
7389 1383 7331 2240
7472 1321 7334 2239
7451 1271 7339 2235
7346 1257 7337 2234
7220 1285 7334 2235
7140 1340 7334 2235
7150 1392 7331 2238
7242 1411 7331 2239
7369 1384 7332 2239
7453 1329 7333 2239
7446 1279 7335 2238
7355 1262 7337 2236
7237 1285 7339 2233
7157 1334 7336 2234
7158 1383 7336 2234
7237 1403 7332 2236
7350 1383 7329 2240
7432 1334 7329 2242
7433 1289 7331 2242
7359 1271 7336 2239
7256 1287 7342 2233
7180 1328 7339 2231
7171 1372 7337 2232
7230 1396 7336 2233
7331 1383 7333 2235
7413 1342 7329 2239
7427 1298 7328 2242
7368 1276 7331 2242
7273 1286 7334 2240
7195 1322 7338 2236
7176 1364 7338 2234
7225 1389 7339 2232
7313 1382 7335 2233
7393 1347 7333 2235
7416 1307 7332 2237
7372 1283 7329 2240
7289 1288 7330 2241
7214 1317 7337 2238
7187 1356 7342 2233
7223 1382 7339 2231
7302 1379 7333 2234
7377 1350 7328 2239
7405 1314 7331 2240
7373 1290 7337 2237
7301 1290 7338 2235
7230 1314 7339 2233
7199 1349 7339 2231
7224 1375 7334 2233
7291 1377 7330 2237
7363 1354 7330 2239
7397 1320 7331 2240
7375 1295 7333 2240
7311 1292 7341 2235
7243 1312 7341 2232
7208 1344 7338 2232
7224 1370 7333 2234
7284 1375 7331 2237
7352 1356 7330 2239
7389 1324 7333 2239
7373 1299 7340 2234
7316 1294 7341 2231
7251 1310 7338 2231
7213 1340 7331 2235
7222 1367 7327 2240
7277 1374 7327 2243
7344 1358 7332 2242
7385 1328 7337 2238
7376 1302 7340 2234
7324 1295 7337 2233
7261 1309 7332 2236
7221 1337 7332 2237
7226 1362 7329 2240
7273 1370 7329 2242
7333 1357 7335 2239
7372 1331 7338 2236
7368 1308 7339 2233
7326 1300 7336 2234
7271 1311 7334 2235
7233 1334 7333 2236
7234 1357 7333 2237
7273 1365 7336 2236
7325 1355 7336 2235
7361 1333 7330 2238
7360 1313 7332 2239
7326 1305 7335 2238
7279 1313 7338 2236
7245 1332 7338 2234
7243 1352 7336 2234
7273 1361 7334 2235
7318 1353 7333 2236
7350 1335 7329 2240
7353 1317 7331 2241
7326 1309 7333 2240
7286 1315 7337 2237
7256 1330 7338 2235
7250 1348 7337 2234
7274 1357 7333 2236
7313 1352 7332 2237
7344 1336 7333 2237
7348 1320 7336 2236
7326 1311 7339 2233
7289 1315 7333 2235
7259 1330 7329 2239
7254 1345 7332 2239
7273 1353 7335 2238
7305 1350 7342 2233
7332 1338 7341 2230
7340 1324 7335 2232
7325 1315 7328 2237
7295 1317 7327 2241
7268 1329 7332 2241
7261 1342 7337 2238
7274 1351 7340 2234
7303 1349 7339 2232
7329 1339 7337 2232
7338 1326 7330 2236
7326 1318 7327 2241
7301 1318 7331 2241
7276 1327 7336 2238
7265 1339 7336 2237
7273 1348 7337 2235
7297 1348 7343 2231
7320 1341 6837 2523
7333 1329 6202 3155
7323 1321 6503 3310
7303 1320 7458 2569
7281 1327 7807 2120
7271 1337 7699 1962
7277 1345 7429 1999
7296 1346 7049 2224
7309 1343 6766 2560
7317 1337 6848 2742
7320 1330 7289 2535
7315 1324 7597 2239
7300 1324 7614 2078
7285 1329 7466 2060
7278 1336 7279 2148
7282 1342 7122 2297
7285 1346 7107 2409
7293 1348 7239 2398
7308 1344 7411 2286
7326 1334 7475 2185
7327 1325 7437 2145
7313 1321 7359 2163
7293 1324 7281 2219
7278 1331 7243 2278
7267 1342 7271 2299
7262 1355 7334 2276
7289 1358 7386 2231
7329 1346 7395 2198
7350 1328 7363 2195
7341 1314 7317 2219
7309 1312 7294 2248
7274 1322 7299 2264
7241 1342 7322 2261
7237 1363 7349 2243
7264 1375 7361 2225
7331 1362 7357 2216
7378 1334 7343 2219
7379 1307 7329 2228
7335 1296 7320 2239
7273 1306 7321 2246
7215 1335 7333 2243
7185 1375 7342 2236
7228 1399 7348 2228
7328 1387 7344 2226
7416 1345 7338 2227
7435 1299 7331 2232
7378 1274 7328 2237
7280 1282 7331 2238
7178 1323 7335 2237
7131 1381 7340 2234
7187 1419 7337 2233
7322 1408 7338 2232
7445 1353 7334 2234
7478 1291 7331 2237
7407 1256 7333 2237
7278 1264 7336 2236
7150 1314 7337 2235
7084 1388 7340 2232
7131 1446 7339 2231
7303 1440 7336 2232
7478 1371 7337 2232
7541 1286 7336 2233
7461 1234 7332 2236
7294 1237 7329 2240
7130 1294 7335 2239
7021 1389 7338 2236
7063 1473 7340 2233
7269 1479 7341 2230
7507 1396 7339 2230
7613 1284 7337 2231
7528 1210 7335 2233
7319 1206 7331 2236
7094 1273 7332 2237
6959 1388 7338 2235
6979 1503 7338 2233
7219 1526 7336 2234
7532 1428 7335 2234
7692 1285 7335 2234
7608 1186 7335 2234
7356 1171 7336 2234
7082 1239 7337 2233
6894 1374 7336 2234
6902 1516 7336 2234
7151 1565 7335 2234
7524 1464 7338 2233
7745 1296 7340 2231
7680 1173 7340 2230
7403 1144 7334 2232
7086 1210 7329 2237
6868 1349 7332 2238
6830 1514 7337 2236
7073 1593 7338 2234
7486 1504 7338 2233
7773 1319 7335 2234
7748 1171 7334 2235
7465 1124 7337 2234
7113 1181 7336 2234
6845 1325 7337 2233
6780 1506 7333 2235
7004 1613 7332 2237
7445 1538 7333 2237
7788 1342 7335 2236
7803 1173 7338 2234
7522 1109 7341 2231
7142 1156 7338 2231
6831 1302 7329 2236
6745 1494 7327 2241
6952 1621 7327 2244
7400 1563 7332 2242
7782 1364 7340 2237
7836 1182 7344 2231
7569 1103 7343 2228
7177 1140 7337 2229
6849 1278 7334 2232
6723 1475 7331 2235
6898 1623 7330 2238
7339 1590 7332 2239
7763 1393 7336 2237
7867 1195 7337 2235
7622 1100 7340 2232
7222 1124 7341 2229
6869 1254 7339 2229
6712 1451 7338 2230
6861 1612 7333 2233
7281 1604 7330 2237
7724 1420 7330 2239
7875 1214 7335 2238
7664 1104 7340 2234
7269 1115 7341 2231
6899 1236 7336 2232
6726 1427 7335 2233
6834 1597 7335 2234
7230 1611 7332 2236
7682 1442 7334 2236
7870 1234 7335 2236
7694 1114 7337 2235
7314 1112 7339 2233
6943 1219 7337 2233
6738 1403 7334 2235
6810 1580 7335 2235
7176 1616 7340 2232
7632 1466 7339 2231
7860 1258 7335 2233
7727 1125 7332 2236
7365 1108 7329 2240
6990 1200 7331 2241
6759 1374 7339 2236
6795 1555 7344 2231
7114 1617 7344 2227
7568 1492 7338 2228
7838 1287 7329 2234
7756 1141 7326 2240
7420 1108 7332 2240
7043 1184 7337 2237
6786 1348 7340 2234
6788 1529 7340 2231
7066 1612 7338 2231
7509 1512 7336 2232
7811 1313 7334 2234
7775 1157 7332 2236
7467 1109 7337 2235
7089 1172 7343 2231
6822 1323 7345 2227
6789 1501 7337 2229
7027 1598 7330 2235
7445 1525 7326 2240
7766 1340 7333 2240
7778 1180 7340 2235
7510 1119 7343 2231
7148 1165 7339 2231
6863 1302 7335 2233
6796 1476 7329 2237
6998 1585 7331 2238
7391 1535 7336 2237
7726 1363 7342 2233
7778 1200 7346 2228
7545 1127 7341 2227
7195 1159 7330 2233
6902 1283 7324 2240
6805 1451 7329 2242
6979 1567 7338 2238
7344 1537 7345 2231
7681 1381 7346 2226
7763 1220 7340 2226
7565 1139 7331 2232
7234 1161 7325 2239
6951 1270 7328 2242
6841 1424 7335 2239
6971 1543 7343 2233
7298 1533 7344 2229
7626 1399 7341 2228
7739 1243 7334 2231
7582 1156 7330 2235
7279 1165 7329 2239
6999 1259 7339 2235
6871 1402 7346 2229
6971 1520 7345 2226
7260 1527 7337 2228
7576 1412 7331 2233
7710 1265 7327 2238
7591 1174 7329 2240
7319 1171 7334 2239
7050 1249 7338 2236
6906 1379 7342 2232
6973 1495 7341 2229
7222 1517 7336 2231
7520 1424 7333 2234
7673 1288 7333 2236
7595 1193 7335 2236
7355 1178 7340 2233
7098 1243 7339 2231
6943 1362 7335 2233
6979 1475 7330 2237
7199 1507 7328 2240
7480 1430 7333 2240
7643 1304 7340 2235
7593 1208 7341 2232
7379 1186 7338 2232
7134 1239 7337 2232
6980 1344 7334 2234
6993 1451 7333 2236
7176 1492 7335 2236
7432 1435 7335 2236
7602 1322 7338 2234
7583 1228 7338 2233
7403 1197 7339 2231
7176 1238 7336 2232
7017 1331 7334 2234
7005 1433 7336 2234
7155 1482 7332 2236
7394 1440 7328 2240
7571 1338 7326 2243
7579 1243 7333 2241
7425 1205 7342 2235
7211 1235 7346 2229
7049 1318 7344 2226
7019 1414 7337 2229
7145 1467 7333 2232
7360 1439 7331 2235
7535 1350 7330 2238
7563 1260 7330 2240
7438 1216 7333 2240
7242 1236 7339 2236
7083 1308 7346 2229
7042 1396 7345 2226
7136 1453 7341 2226
7327 1439 7334 2230
7501 1362 7329 2235
7549 1275 7324 2241
7450 1228 7326 2244
7273 1238 7335 2241
7117 1299 7344 2234
7059 1380 7349 2227
7132 1438 7343 2225
7300 1434 7331 2231
7465 1371 7323 2240
7528 1291 7330 2241
7456 1240 7338 2237
7299 1242 7342 2233
7148 1292 7347 2227
7078 1367 7343 2225
7129 1427 7334 2229
7278 1431 7326 2237
7438 1377 7327 2241
7511 1302 7330 2242
7458 1250 7339 2237
7318 1246 7344 2231
7174 1288 7345 2227
7100 1356 7341 2226
7134 1414 7331 2232
7260 1425 7326 2238
7410 1382 7326 2242
7491 1314 7336 2239
7458 1261 7345 2232
7337 1251 7346 2227
7200 1285 7338 2228
7122 1345 7329 2234
7140 1400 7326 2240
7245 1418 7326 2243
7383 1385 7331 2242
7469 1324 7342 2236
7453 1273 7345 2230
7352 1257 7340 2229
7225 1283 7333 2232
7139 1337 7326 2238
7143 1391 7322 2245
7235 1413 7332 2243
7365 1387 7342 2236
7454 1331 7347 2229
7450 1280 7346 2225
7361 1261 7338 2227
7241 1281 7331 2232
7153 1331 7328 2237
7148 1383 7332 2238
7227 1407 7337 2236
7347 1387 7338 2234
7436 1337 7335 2234
7442 1288 7333 2236
7366 1268 7335 2236
7258 1283 7338 2234
7174 1326 7342 2230
7161 1373 7338 2230
7224 1399 7336 2231
7331 1385 7330 2235
7416 1342 7329 2239
7430 1297 7334 2238
7369 1275 7339 2235
7272 1285 7341 2232
7191 1323 7342 2229
7174 1366 7335 2231
7226 1390 7329 2236
7318 1381 7329 2240
7396 1345 7338 2236
7415 1305 7343 2231
7368 1283 7340 2230
7285 1289 7340 2229
7212 1319 7332 2233
7187 1357 7330 2237
7225 1383 7336 2236
7306 1379 7344 2231
7381 1349 7346 2226
7407 1312 7338 2227
7371 1288 7329 2234
7296 1290 7325 2240
7224 1316 7330 2241
7194 1353 7342 2235
7226 1377 7346 2229
7296 1377 7345 2226
7368 1351 7340 2226
7397 1317 7329 2233
7370 1294 7324 2240
7305 1293 7328 2242
7239 1315 7337 2238
7209 1346 7344 2232
7228 1370 7346 2227
7288 1373 7146 2339
7353 1353 6626 2734
7386 1323 6233 3288
7369 1300 6788 3120
7314 1296 7611 2417
7253 1313 7811 2054
7220 1341 7634 1956
7231 1364 7358 2031
7281 1369 6913 2322
7339 1354 6590 2743
7373 1329 6775 2899
7366 1306 7378 2533
7321 1300 7688 2180
7266 1312 7644 2028
7231 1335 7444 2039
7233 1357 7199 2176
7272 1367 7006 2383
7325 1358 7008 2526
7366 1334 7244 2461
7367 1311 7478 2279
7330 1301 7535 2146
7277 1309 7457 2110
7237 1331 7344 2148
7233 1353 7229 2237
7264 1365 7182 2325
7315 1359 7235 2351
7354 1340 7352 2296
7365 1318 7425 2220
7340 1305 7423 2175
7293 1308 7376 2174
7251 1325 7306 2212
7237 1347 7262 2262
7259 1361 7270 2290
7303 1358 7318 2279
7337 1344 7371 2241
7352 1325 7390 2207
7338 1312 7375 2195
7303 1312 7343 2205
7268 1323 7311 2229
7251 1339 7301 2251
7260 1353 7310 2260
7289 1356 7337 2249
7323 1347 7358 2231
7346 1331 7363 2216
7340 1317 7353 2213
7313 1313 7335 2221
7280 1320 7321 2234
7258 1335 7319 2244
7261 1349 7326 2246
7282 1355 7342 2238
7309 1352 7350 2228
7336 1340 7347 2224
7344 1325 7339 2226
7330 1315 7333 2231
7300 1315 7332 2234
7270 1325 7332 2236
7256 1340 7335 2236
7261 1353 7340 2233
7287 1356 7342 2230
7316 1350 7342 2228
7342 1335 7340 2228
7345 1319 7339 2228
7321 1313 7333 2232
7288 1317 7329 2237
7261 1330 7330 2239
7252 1346 7335 2238
7263 1359 7342 2233
7291 1362 7347 2227
7336 1348 7344 2225
7360 1327 7340 2226
7350 1310 7335 2230
7311 1307 7330 2235
7268 1318 7330 2238
7241 1338 7336 2237
7240 1358 7342 2233
7267 1369 7343 2229
7314 1363 7339 2229
7363 1340 7338 2230
7374 1314 7337 2231
7342 1301 7336 2232
7289 1305 7337 2232
7239 1327 7336 2233
7210 1358 7337 2233
7227 1382 7339 2231
7297 1382 7337 2232
7377 1353 7341 2229
7410 1314 7344 2226
7378 1288 7339 2227
7303 1288 7334 2231
7229 1312 7332 2234
7179 1354 7332 2236
7190 1392 7338 2234
7271 1400 7340 2231
7380 1369 7339 2231
7439 1319 7338 2231
7415 1281 7335 2233
7328 1273 7335 2234
7229 1297 7339 2232
7154 1347 7338 2232
7157 1396 7335 2233
7242 1415 7336 2234
7375 1384 7337 2233
7459 1326 7339 2231
7447 1277 7340 2230
7353 1260 7339 2230
7232 1283 7334 2232
7132 1340 7327 2238
7117 1403 7328 2241
7207 1434 7330 2242
7367 1405 7338 2238
7486 1336 7348 2229
7490 1271 7352 2221
7385 1245 7345 2221
7238 1267 7336 2225
7113 1330 7326 2234
7079 1407 7326 2240
7168 1452 7330 2241
7352 1428 7335 2239
7509 1349 7341 2234
7535 1268 7346 2228
7424 1229 7347 2224
7250 1246 7344 2223
7099 1313 7337 2226
7032 1405 7331 2232
7098 1476 7330 2236
7313 1465 7332 2237
7530 1375 7333 2237
7601 1269 7337 2235
7491 1209 7343 2231
7281 1216 7345 2227
7080 1288 7342 2226
6976 1397 7335 2230
7039 1489 7331 2234
7274 1492 7330 2237
7534 1397 7333 2237
7642 1275 7335 2236
7542 1198 7339 2233
7312 1197 7340 2231
7081 1268 7339 2231
6939 1390 7338 2231
6989 1500 7339 2231
7232 1518 7341 2229
7532 1421 7340 2228
7681 1282 7337 2229
7592 1188 7329 2235
7344 1176 7329 2239
7081 1245 7336 2237
6909 1374 7344 2231
6937 1503 7350 2224
7171 1545 7348 2221
7513 1452 7339 2224
7714 1297 7325 2234
7651 1183 7321 2242
7392 1157 7332 2241
7099 1220 7342 2235
6895 1352 7348 2227
6883 1499 7345 2224
7108 1565 7340 2226
7479 1483 7333 2231
7731 1317 7329 2236
7703 1185 7332 2237
7446 1143 7339 2234
7127 1196 7348 2227
6877 1331 7347 2223
6832 1494 7338 2226
7053 1582 7326 2234
7447 1510 7324 2241
7743 1336 7331 2241
7748 1186 7343 2234
7491 1130 7347 2228
7148 1176 7343 2226
6875 1310 7333 2231
6794 1485 7328 2236
7001 1593 7329 2240
7405 1537 7338 2236
7744 1357 7347 2229
7785 1192 7350 2222
7537 1123 7341 2223
7180 1159 7329 2231
6883 1289 7322 2240
6775 1469 7326 2243
6958 1593 7339 2238
7354 1556 7351 2228
7722 1381 7354 2220
7805 1206 7344 2220
7581 1122 7328 2230
7221 1146 7319 2241
6902 1268 7324 2245
6766 1449 7337 2240
6916 1589 7350 2230
7305 1573 7354 2221
7699 1404 7346 2220
7821 1220 7332 2227
7622 1123 7321 2238
7261 1137 7327 2241
6931 1250 7340 2236
6775 1425 7351 2226
6884 1575 7350 2221
7245 1583 7340 2223
7652 1431 7330 2230
7820 1242 7323 2239
7659 1132 7325 2243
7312 1130 7333 2241
6970 1231 7343 2234
6777 1404 7351 2225
6856 1564 7348 2221
7199 1592 7337 2225
7618 1451 7327 2233
7820 1259 7326 2239
7689 1137 7334 2238
7349 1125 7342 2233
7002 1215 7346 2228
6797 1378 7344 2226
6845 1541 7334 2230
7148 1591 7328 2236
7562 1473 7332 2237
7800 1284 7341 2233
7713 1152 7343 2229
7398 1125 7342 2227
7051 1200 7338 2228
6826 1352 7334 2231
6837 1515 7332 2234
7107 1582 7333 2236
7505 1487 7338 2234
7764 1309 7342 2230
7721 1172 7344 2226
7441 1132 7340 2226
7104 1191 7333 2231
6864 1330 7331 2235
6834 1493 7330 2238
7066 1576 7331 2239
7452 1502 7331 2240
7735 1331 7334 2239
7731 1187 7339 2235
7476 1136 7348 2227
7144 1184 7352 2220
6895 1312 7344 2220
6848 1468 7335 2226
7043 1560 7328 2233
7401 1508 7328 2238
7692 1353 7327 2241
7726 1208 7331 2241
7508 1146 7338 2237
7192 1181 7349 2228
6938 1295 7351 2221
6864 1444 7346 2220
7022 1544 7337 2224
7348 1515 7328 2232
7648 1374 7322 2241
7718 1229 7325 2245
7537 1157 7337 2240
7238 1178 7345 2233
6980 1280 7351 2225
6883 1421 7352 2219
7008 1525 7340 2222
7306 1513 7326 2232
7601 1390 7321 2241
7698 1250 7328 2243
7554 1171 7339 2238
7278 1180 7351 2228
7021 1269 7355 2219
6911 1400 7346 2219
7004 1505 7331 2227
7270 1508 7319 2240
7556 1404 7319 2248
7676 1269 7332 2245
7565 1185 7347 2234
7313 1183 7355 2223
7063 1258 7353 2217
6936 1379 7338 2222
6997 1485 7324 2233
7230 1505 7321 2242
7509 1418 7327 2244
7652 1290 7342 2237
7577 1201 7352 2227
7351 1187 7353 2219
7108 1249 7340 2222
6969 1358 7327 2232
6997 1464 7320 2242
7196 1497 7324 2246
7461 1429 7333 2243
7622 1310 7348 2232
7582 1217 7352 2224
7384 1192 7346 2222
7149 1241 7334 2227
6996 1342 7320 2239
7004 1445 7320 2247
7176 1487 7333 2244
7424 1434 7349 2233
7592 1325 7358 2221
7578 1233 7352 2216
7407 1200 7339 2221
7185 1238 7325 2232
7029 1327 7324 2239
7010 1427 7332 2239
7154 1477 7338 2236
7385 1439 7341 2232
7561 1340 7339 2231
7572 1248 7335 2233
7427 1209 7337 2233
7219 1236 7341 2230
7057 1316 7345 2226
7024 1411 7340 2226
7143 1465 7333 2231
7353 1440 7327 2237
7529 1353 7327 2241
7562 1262 7336 2238
7441 1218 7343 2232
7248 1236 7348 2226
7086 1306 7344 2224
7037 1396 7333 2229
7130 1456 7328 2236
7327 1441 7330 2239
7504 1362 7340 2234
7552 1275 7344 2229
7453 1227 7346 2225
7275 1236 7340 2226
7115 1298 7333 2231
7054 1382 7332 2234
7127 1442 7338 2233
7299 1438 7346 2228
7471 1371 7348 2224
7534 1289 7340 2226
7459 1238 7330 2232
7299 1240 7325 2239
7144 1292 7331 2240
7073 1369 7344 2233
7128 1428 7352 2224
7280 1432 7351 2219
7442 1377 7338 2224
7515 1300 7327 2232
7459 1248 7323 2240
7316 1244 7330 2241
7168 1288 7340 2236
7090 1359 7350 2227
7129 1418 7271 2267
7263 1428 6994 2456
7418 1381 6504 2900
7498 1311 6373 3287
7460 1258 7102 2858
7334 1248 7712 2280
7193 1284 7772 2011
7106 1349 7550 1972
7127 1409 7222 2113
7246 1426 6758 2476
7397 1387 6467 2939
7486 1320 6827 2959
7464 1265 7506 2458
7349 1251 7745 2112
7213 1281 7630 1995
7126 1340 7396 2040
7136 1397 7089 2235
7237 1417 6878 2502
7373 1387 6940 2645
7462 1328 7289 2492
7453 1276 7554 2246
7357 1258 7578 2103
7232 1282 7456 2082
7146 1334 7303 2151
7145 1387 7158 2279
7230 1410 7109 2396
7354 1388 7222 2401
7444 1335 7396 2297
7447 1286 7471 2194
7368 1264 7443 2148
7253 1281 7368 2160
7167 1326 7272 2222
7153 1377 7223 2292
7223 1403 7244 2324
7336 1388 7329 2294
7426 1342 7400 2233
7440 1294 7411 2190
7374 1271 7379 2181
7271 1282 7333 2202
7187 1321 7288 2240
7165 1367 7273 2274
7216 1396 7302 2279
7317 1388 7352 2253
7407 1348 7383 2219
7431 1302 7380 2199
7379 1276 7357 2199
7284 1282 7325 2217
7200 1317 7301 2243
7173 1361 7305 2257
7216 1389 7328 2253
7305 1385 7353 2236
7390 1352 7365 2218
7421 1310 7359 2210
7382 1283 7340 2216
7298 1284 7323 2230
7217 1312 7321 2240
7182 1352 7327 2243
7212 1382 7339 2238
7290 1384 7350 2228
7372 1357 7351 2221
7411 1317 7344 2221
7384 1289 7337 2225
7310 1287 7332 2230
7234 1309 7326 2237
7194 1345 7330 2239
7212 1375 7334 2238
7279 1381 7342 2233
7356 1360 7348 2227
7400 1324 7351 2220
7384 1295 7346 2219
7320 1289 7338 2224
7247 1307 7330 2231
7204 1340 7325 2239
7215 1369 7331 2240
7272 1378 7340 2235
7344 1362 7347 2229
7388 1331 7350 2222
7384 1303 7347 2220
7334 1292 7337 2224
7266 1304 7330 2231
7218 1332 7333 2234
7216 1360 7336 2234
7255 1375 7339 2232
7319 1367 7341 2229
7369 1342 7338 2230
7383 1313 7339 2230
7349 1296 7344 2226
7287 1301 7344 2224
7234 1324 7341 2225
7219 1352 7338 2227
7249 1369 7331 2232
7305 1366 7330 2236
7351 1347 7338 2234
7372 1321 7344 2229
7352 1303 7344 2226
7302 1303 7339 2227
7252 1319 7336 2229
7229 1344 7333 2232
7245 1362 7334 2234
7291 1364 7339 2232
7336 1351 7339 2231
7363 1329 7341 2229
7356 1310 7339 2229
7317 1304 7339 2229
7269 1315 7340 2228
7239 1336 7337 2229
7242 1356 7330 2235
7277 1363 7329 2239
7323 1354 7331 2240
7351 1336 7336 2238
7355 1317 7347 2230
7328 1308 7355 2221
7286 1314 7354 2215
7254 1330 7344 2217
7249 1348 7332 2225
7264 1360 7321 2237
7297 1360 7320 2245
7334 1348 7331 2244
7357 1328 7346 2234
7348 1312 7354 2223
7313 1308 7355 2216
7271 1319 7348 2215
7248 1336 7338 2221
7245 1354 7328 2230
7265 1366 7326 2237
7306 1363 7329 2240
7352 1344 7333 2240
7370 1319 7339 2236
7346 1304 7345 2230
7298 1305 7349 2224
7251 1322 7348 2221
7230 1346 7342 2222
7241 1366 7332 2228
7278 1373 7325 2236
7337 1358 7330 2239
7378 1330 7336 2237
7372 1306 7341 2233
7327 1298 7343 2229
7269 1309 7344 2226
7222 1336 7340 2226
7209 1367 7335 2230
7251 1382 7338 2230
7320 1373 7343 2228
7385 1342 7346 2225
7399 1308 7339 2227
7357 1289 7332 2232
7284 1296 7332 2235
7220 1324 7337 2234
7196 1360 7348 2227
7220 1387 7353 2219
7291 1388 7348 2218
7381 1358 7334 2225
7422 1315 7321 2237
7391 1285 7322 2244
7311 1282 7333 2242
7226 1307 7350 2231
7169 1351 7358 2219
7177 1393 7353 2215
7251 1408 7338 2221
7373 1379 7328 2230
7449 1325 7324 2238
7435 1280 7329 2240
7346 1266 7342 2234
7235 1289 7354 2223
7148 1340 7351 2218
7134 1398 7338 2223
7229 1421 7327 2232
7372 1391 7322 2241
7468 1330 7331 2241
7462 1275 7345 2233
7364 1255 7353 2223
7234 1277 7346 2221
7129 1334 7335 2226
7102 1402 7329 2233
7192 1439 7328 2238
7359 1414 7337 2236
7493 1342 7351 2226
7508 1271 7354 2218
7403 1239 7343 2219
7246 1258 7325 2230
7098 1325 7317 2242
7058 1408 7326 2245
7152 1459 7343 2237
7348 1436 7358 2223
7518 1353 7359 2214
7551 1266 7346 2216
7437 1223 7325 2229
7252 1241 7314 2244
7082 1313 7321 2249
7017 1410 7340 2241
7100 1480 7359 2225
7322 1466 7362 2213
7541 1372 7349 2213
7607 1265 7327 2226
7490 1205 7319 2239
7274 1215 7325 2243
7070 1290 7343 2236
6976 1400 7357 2223
7045 1490 7357 2215
7275 1493 7343 2218
7536 1397 7325 2230
7644 1274 7318 2242
7542 1197 7326 2245
7311 1196 7345 2236
7078 1267 7357 2223
6943 1387 7358 2215
6985 1498 7349 2214
7230 1517 7331 2224
7529 1421 7321 2236
7678 1283 7322 2243
7591 1190 7333 2241
7346 1178 7347 2232
7085 1246 7356 2221
6925 1370 7349 2219
6949 1494 7335 2225
7175 1535 7325 2234
7501 1447 7329 2238
7693 1301 7339 2235
7637 1191 7349 2227
7392 1165 7349 2222
7111 1224 7342 2223
6902 1354 7333 2228
6899 1496 7327 2235
7121 1557 7330 2238
7479 1475 7339 2235
7717 1315 7348 2227
7685 1188 7349 2222
7434 1149 7343 2222
7126 1204 7331 2229
6900 1333 7325 2237
6864 1485 7327 2241
7072 1566 7335 2239
7442 1498 7342 2233
7718 1335 7341 2230
7721 1194 7346 2225
7479 1142 7349 2221
7157 1187 7348 2219
6900 1314 7341 2221
6833 1475 7332 2228
7027 1572 7328 2235
7400 1520 7324 2241
7711 1356 7324 2245
7750 1202 7334 2242
7521 1136 7349 2231
7187 1171 7358 2219
6907 1295 7355 2213
6826 1457 7344 2216
6989 1569 7331 2225
7355 1535 7322 2236
7689 1377 7315 2247
7765 1216 7323 2249
7560 1138 7341 2241
7228 1162 7359 2225
6943 1273 7362 2213
6825 1434 7353 2210
6952 1560 7332 2221
7294 1550 7314 2238
7650 1404 7313 2249
7772 1236 7326 2249
7602 1144 7350 2235
7278 1152 7363 2219
6971 1254 7360 2211
6824 1413 7345 2214
6919 1551 7321 2229
7249 1559 7311 2245
7617 1424 7314 2253
7772 1253 7337 2245
7632 1149 7360 2227
7315 1147 7365 2213
7000 1239 7356 2209
6827 1396 7337 2217
6900 1540 7317 2234
7206 1567 7313 2247
7585 1444 7329 2246
7774 1269 7349 2234
7661 1155 7361 2220
7354 1141 7359 2212
7033 1223 7342 2216
6837 1374 7323 2230
6874 1526 7316 2243
7156 1573 7319 2249
7542 1465 7338 2242
7765 1290 7357 2227
7689 1165 7362 2215
7398 1137 7350 2214
7071 1207 7326 2227
6854 1351 7311 2244
6858 1507 7314 2253
7102 1576 7336 2246
7490 1487 7360 2228
7749 1314 7366 2213
7715 1178 7357 2208
7445 1136 7334 2218
7114 1194 7318 2234
6880 1329 7316 2246
6861 1482 7330 2245
7071 1563 7344 2236
7436 1497 7353 2225
7710 1336 7347 2222
7715 1197 7339 2225
7478 1145 7336 2228
7161 1189 7339 2228
6918 1311 7343 2226
6871 1460 7338 2227
7053 1548 7331 2232
7388 1502 7326 2238
7668 1356 7330 2240
7707 1217 7340 2235
7505 1156 7350 2226
7206 1186 7352 2220
6959 1295 7344 2220
6888 1435 7330 2228
7026 1532 7324 2237
7336 1509 7329 2240
7626 1377 7341 2235
7701 1237 7352 2225
7534 1166 7351 2220
7250 1183 7341 2222
7001 1278 7329 2231
6907 1411 7328 2236
7013 1513 7336 2235
7290 1508 7348 2227
7576 1395 7349 2222
7681 1260 7339 2225
7554 1180 7330 2231
7293 1184 7328 2236
7046 1265 7331 2238
6931 1389 7345 2231
7004 1494 7354 2222
7251 1505 7352 2217
7531 1410 7339 2222
7661 1279 7327 2232
7567 1193 7323 2240
7328 1187 7331 2241
7086 1255 7347 2232
6957 1370 7325 2239
7009 1473 7185 2324
7224 1496 6865 2575
7488 1418 6486 2998
7631 1297 6655 3118
7569 1210 7408 2573
7359 1194 7759 2152
7128 1250 7685 1989
6986 1354 7443 2012
7011 1455 7069 2224
7197 1488 6631 2641
7447 1426 6453 3066
7602 1314 6978 2893
7569 1225 7610 2363
7385 1200 7755 2062
7162 1245 7587 1986
7012 1341 7335 2065
7019 1439 6980 2313
7182 1479 6763 2629
7417 1429 6930 2727
7577 1325 7381 2465
7563 1238 7623 2190
7401 1208 7590 2064
7192 1244 7428 2071
7045 1328 7235 2180
7030 1421 7069 2351
7164 1467 7056 2476
7378 1433 7247 2432
7543 1342 7452 2279
7558 1255 7509 2161
7425 1217 7447 2125
7231 1240 7349 2155
7074 1314 7236 2239
7037 1404 7183 2326
7146 1458 7228 2355
7344 1436 7347 2301
7514 1355 7425 2223
7551 1269 7426 2175
7442 1224 7379 2172
7259 1239 7318 2204
7102 1305 7267 2254
7050 1391 7255 2294
7136 1447 7306 2289
7319 1436 7372 2247
7488 1364 7397 2207
7540 1280 7382 2190
7450 1233 7350 2198
7282 1240 7310 2225
7126 1298 7283 2258
7066 1377 7294 2274
7131 1436 7336 2259
7293 1435 7372 2228
7460 1373 7378 2206
7527 1293 7362 2201
7459 1242 7335 2213
7306 1241 7315 2233
7152 1290 7309 2249
7078 1365 7322 2251
7125 1425 7348 2238
7267 1433 7364 2220
7430 1381 7362 2210
7510 1306 7347 2212
7464 1252 7332 2222
7327 1244 7321 2235
7177 1286 7321 2243
7098 1354 7331 2242
7130 1413 7341 2236
7256 1426 7350 2227
7407 1384 7355 2218
7491 1315 7351 2215
7460 1262 7342 2218
7340 1250 7334 2225
7199 1284 7323 2236
7119 1345 7321 2244
7134 1402 7333 2242
7243 1419 7347 2233
7383 1386 7358 2221
7470 1324 7357 2214
7454 1272 7348 2215
7351 1257 7335 2222
7225 1283 7329 2231
7142 1336 7328 2236
7145 1389 7333 2237
7230 1411 7343 2232
7355 1389 7348 2226
7447 1335 7349 2222
7450 1284 7345 2221
7367 1263 7342 2222
7250 1280 7339 2225
7161 1328 7339 2227
7150 1380 7337 2229
7224 1405 7335 2231
7340 1388 7333 2234
7430 1340 7339 2232
7441 1292 7347 2226
7372 1269 7348 2222
7265 1282 7343 2222
7181 1323 7336 2226
7162 1370 7332 2231
7218 1398 7333 2234
7321 1388 7337 2233
7411 1347 7344 2229
7434 1300 7345 2226
7378 1275 7344 2224
7281 1282 7341 2225
7196 1317 7338 2227
7170 1362 7333 2231
7215 1391 7329 2236
7307 1387 7328 2240
7395 1352 7337 2237
7426 1308 7348 2229
7384 1280 7355 2220
7295 1282 7353 2215
7211 1312 7346 2216
7176 1355 7339 2221
7210 1386 7328 2230
7295 1386 7319 2241
7380 1356 7322 2246
7418 1314 7335 2242
7386 1286 7354 2229
7307 1285 7361 2217
7228 1310 7356 2212
7190 1347 7346 2214
7209 1378 7333 2223
7279 1384 7324 2234
7358 1362 7322 2242
7405 1324 7333 2240
7389 1294 7340 2235
7324 1287 7348 2227
7248 1305 7353 2219
7202 1339 7350 2217
7210 1370 7345 2218
7264 1382 7337 2223
7343 1366 7327 2232
7394 1332 7325 2239
7392 1301 7335 2238
7338 1289 7343 2232
7265 1302 7349 2225
7214 1332 7348 2221
7212 1363 7343 2222
7259 1376 7337 2226
7325 1365 7335 2230
7371 1339 7338 2230
7380 1312 7343 2228
7345 1297 7347 2224
7285 1303 7344 2223
7235 1325 7335 2227
7221 1352 7331 2232
7249 1369 7337 2232
7304 1366 7347 2226
7356 1346 7351 2220
7373 1321 7346 2219
7353 1303 7333 2226
7303 1303 7319 2239
7253 1319 7322 2245
7230 1344 7337 2240
7247 1361 7355 2227
7287 1365 7360 2216
7334 1352 7354 2212
7362 1330 7336 2220
7356 1311 7322 2233
7319 1305 7320 2243
7272 1314 7332 2242
7240 1334 7351 2230
7241 1354 7359 2219
7272 1363 7355 2213
7312 1357 7337 2220
7348 1339 7320 2234
7357 1319 7321 2242
7333 1308 7334 2240
7291 1311 7351 2229
7254 1327 7358 2218
7244 1347 7351 2215
7259 1361 7335 2222
7300 1360 7325 2233
7340 1345 7323 2240
7358 1325 7338 2236
7344 1311 7352 2226
7307 1310 7356 2217
7269 1320 7345 2218
7247 1338 7326 2229
7248 1356 7319 2240
7275 1364 7329 2242
7315 1358 7348 2232
7354 1339 7358 2220
7363 1317 7356 2213
7336 1305 7344 2216
7289 1309 7324 2229
7249 1327 7315 2243
7234 1349 7323 2247
7252 1365 7344 2238
7292 1366 7360 2222
7343 1350 7360 2213
7371 1325 7347 2214
7357 1306 7325 2227
7312 1303 7315 2242
7262 1317 7322 2247
7225 1342 7345 2237
7225 1367 7360 2222
7267 1377 7360 2213
7332 1365 7345 2215
7384 1335 7324 2229
7387 1305 7313 2244
7340 1292 7323 2248
7272 1303 7347 2237
7218 1331 7362 2221
7191 1368 7361 2212
7227 1393 7349 2213
7314 1386 7330 2224
7401 1349 7315 2239
7427 1304 7321 2246
7378 1279 7339 2239
7288 1284 7356 2225
7204 1317 7359 2215
7157 1366 7351 2213
7187 1405 7334 2222
7291 1406 7324 2233
7410 1364 7325 2239
7461 1307 7339 2235
7417 1269 7352 2225
7310 1267 7355 2218
7200 1302 7349 2216
7133 1359 7332 2224
7155 1409 7322 2236
7255 1422 7325 2242
7400 1382 7342 2236
7481 1316 7356 2224
7452 1265 7358 2215
7337 1254 7345 2217
7206 1285 7329 2227
7116 1347 7318 2240
7102 1415 7326 2243
7207 1446 7339 2238
7390 1409 7349 2229
7516 1329 7354 2220
7509 1259 7352 2215
7383 1233 7345 2217
7216 1261 7340 2221
7077 1336 7334 2226
7059 1420 7334 2230
7172 1463 7332 2233
7377 1429 7328 2238
7536 1340 7331 2239
7547 1256 7341 2234
7416 1220 7353 2224
7227 1245 7355 2217
7069 1321 7350 2215
7015 1419 7341 2219
7118 1482 7331 2227
7348 1457 7317 2241
7552 1359 7315 2251
7596 1257 7330 2248
7466 1206 7355 2232
7252 1223 7365 2216
7062 1300 7359 2210
6974 1412 7347 2212
7071 1493 7325 2226
7308 1483 7308 2245
7554 1382 7312 2254
7637 1263 7330 2250
7516 1195 7357 2232
7282 1202 7367 2215
7053 1281 7360 2208
6939 1403 7341 2214
7013 1505 7318 2232
7272 1507 7309 2248
7556 1402 7319 2252
7673 1269 7346 2239
7562 1186 7363 2222
7311 1185 7363 2210
7056 1262 7351 2210
6913 1392 7329 2222
6966 1510 7310 2241
7221 1532 7310 2253
7544 1429 7332 2248
7706 1280 7358 2230
7614 1179 7366 2214
7350 1165 7358 2209
7069 1238 7341 2215
6883 1375 7320 2231
6908 1514 7308 2248
7171 1555 7318 2253
7529 1454 7343 2242
7733 1292 7363 2223
7661 1175 7364 2211
7388 1150 7351 2211
7079 1218 7323 2227
6876 1356 7307 2246
6873 1507 7315 2254
7123 1567 7341 2244
7497 1477 7363 2225
7739 1309 7366 2211
7697 1179 7355 2209
7430 1142 7334 2219
7110 1200 7316 2236
6877 1336 7312 2249
6855 1492 7328 2248
7068 1574 7351 2234
7450 1502 7363 2219
7733 1332 7358 2212
7731 1188 7344 2215
7478 1136 7332 2224
7146 1184 7331 2230
6891 1313 7335 2232
6825 1477 7337 2232
7019 1577 7337 2232
7400 1524 7335 2233
7717 1356 7335 2234
7756 1201 7344 2229
7525 1134 7351 2222
7188 1169 7351 2217
6907 1292 7340 2221
6803 1462 7332 2228
6974 1580 7330 2234
7354 1545 7335 2234
7704 1379 7344 2229
7783 1211 7351 2222
7569 1131 7351 2217
7224 1156 7339 2222
6925 1273 7331 2229
6802 1441 7329 2235
6946 1570 7339 2233
7310 1554 7350 2225
7673 1398 7350 2220
7785 1227 7340 2222
7599 1135 7330 2230
7260 1149 7327 2237
6950 1257 7336 2236
6816 1419 7350 2227
6926 1554 7355 2218
7261 1558 7351 2215
7628 1419 7338 2221
7775 1248 7323 2233
7626 1147 7320 2243
7306 1148 7333 2241
6995 1243 7340 2236
6840 1396 7291 2261
6927 1529 7117 2379
7227 1548 6783 2665
7576 1431 6581 2991
7742 1269 6991 2855
7630 1164 7588 2367
7339 1154 7736 2075
7037 1235 7582 1996
6862 1380 7349 2065
6918 1515 6947 2331
7180 1553 6506 2803
7535 1450 6503 3132
7733 1288 7182 2754
7654 1173 7698 2258
7378 1151 7735 2020
7074 1221 7524 1991
6883 1358 7230 2123
6906 1497 6875 2418
7151 1547 6693 2750
7495 1461 6994 2746
7710 1306 7489 2398
7663 1187 7667 2131
7411 1156 7573 2037
7115 1213 7384 2076
6917 1338 7159 2225
6916 1472 6990 2428
7119 1535 7026 2544
7441 1470 7286 2443
7670 1329 7503 2254
7663 1208 7535 2132
7447 1165 7443 2108
7165 1208 7315 2162
6955 1320 7182 2273
6923 1450 7138 2375
7091 1524 7225 2387
7393 1479 7385 2297
7635 1349 7460 2200
7662 1226 7438 2154
7477 1172 7369 2163
7206 1203 7288 2215
6992 1303 7236 2279
6932 1430 7241 2318
7073 1510 7316 2297
7351 1483 7390 2241
7599 1366 7409 2197
7655 1243 7384 2183
7499 1181 7343 2197
7242 1200 7296 2233
7022 1290 7273 2270
6945 1411 7294 2281
7051 1499 7346 2258
7308 1488 7381 2223
7562 1383 7382 2201
7647 1261 7361 2199
7523 1191 7332 2214
7282 1198 7306 2238
7055 1277 7297 2259
6959 1392 7319 2260
7046 1481 7356 2238
7274 1485 7372 2215
7522 1395 7365 2205
7626 1278 7348 2209
7531 1204 7325 2224
7312 1202 7313 2240
7096 1269 7318 2248
6984 1376 7332 2245
7040 1467 7352 2232
7249 1481 7362 2218
7490 1404 7358 2211
7609 1292 7347 2213
7538 1215 7336 2221
7337 1206 7325 2232
7126 1263 7321 2241
7002 1363 7327 2244
7041 1453 7343 2236
7227 1475 7357 2223
7457 1410 7358 2215
7586 1305 7351 2213
7538 1226 7342 2217
7356 1210 7331 2226
7152 1258 7328 2233
7026 1350 7328 2238
7044 1439 7335 2237
7205 1469 7347 2229
7424 1417 7354 2220
7564 1319 7352 2215
7540 1240 7345 2217
7382 1215 7339 2222
7185 1253 7335 2227
7051 1335 7335 2230
7049 1421 7335 2232
7182 1461 7338 2232
7386 1424 7341 2229
7537 1335 7346 2225
7540 1253 7349 2221
7404 1221 7348 2219
7217 1249 7341 2221
7079 1323 7333 2228
7059 1406 7334 2231
7168 1452 7337 2232
7359 1426 7343 2228
7512 1346 7346 2225
7533 1266 7347 2222
7419 1229 7345 2221
7245 1248 7341 2223
7103 1313 7338 2226
7068 1393 7331 2232
7156 1442 7328 2237
7330 1427 7332 2238
7484 1357 7344 2232
7524 1279 7354 2223
7432 1237 7355 2216
7271 1248 7349 2215
7127 1306 7342 2218
7077 1383 7334 2225
7154 1433 7321 2237
7312 1424 7325 2242
7461 1362 7329 2243
7509 1289 7347 2233
7434 1246 7358 2221
7288 1251 7357 2214
7153 1301 7349 2214
7094 1372 7341 2218
7152 1423 7329 2227
7295 1421 7322 2237
7439 1368 7325 2242
7497 1299 7338 2238
7439 1253 7351 2228
7305 1253 7357 2218
7173 1296 7353 2214
7109 1361 7345 2216
7153 1411 7338 2221
7277 1416 7330 2229
7412 1373 7324 2238
7478 1310 7328 2241
7439 1264 7340 2236
7323 1258 7351 2226
7199 1292 7355 2218
7126 1351 7351 2215
7148 1403 7341 2219
7257 1416 7336 2225
7392 1380 7333 2230
7470 1319 7338 2230
7446 1271 7345 2226
7342 1259 7348 2222
7219 1286 7345 2221
7142 1339 7340 2223
7144 1392 7334 2228
7234 1413 7337 2229
7363 1388 7344 2226
7454 1332 7348 2222
7452 1280 7346 2221
7363 1260 7334 2226
7242 1281 7323 2236
7157 1330 7324 2242
7150 1381 7339 2237
7225 1406 7354 2226
7341 1389 7358 2216
7433 1340 7352 2213
7444 1290 7337 2220
7371 1268 7322 2233
7263 1281 7318 2244
7177 1322 7335 2241
7157 1372 7354 2228
7219 1399 7360 2217
7323 1389 7355 2212
7414 1347 7338 2219
7437 1299 7325 2230
7380 1273 7322 2239
7280 1281 7333 2239
7194 1317 7350 2229
7167 1362 7357 2219
7212 1392 7354 2214
7304 1389 7339 2219
7395 1353 7323 2232
7428 1308 7322 2241
7386 1279 7339 2236
7296 1281 7353 2225
7210 1311 7356 2216
7174 1354 7345 2218
7205 1387 7330 2227
7290 1389 7324 2236
7380 1358 7332 2237
7421 1315 7347 2229
7390 1285 7354 2220
7310 1283 7352 2215
7227 1308 7341 2219
7186 1347 7323 2232
7208 1378 7315 2245
7279 1384 7328 2245
7360 1361 7351 2232
7404 1324 7361 2218
7388 1294 7357 2211
7323 1287 7342 2215
7247 1306 7319 2231
7202 1340 7315 2244
7212 1371 7326 2246
7269 1380 7350 2234
7342 1363 7362 2219
7389 1331 7359 2211
7385 1303 7344 2214
7335 1292 7321 2229
7267 1304 7310 2246
7219 1332 7326 2247
7217 1360 7351 2234
7257 1374 7363 2219
7316 1366 7360 2211
7365 1342 7347 2213
7379 1314 7327 2226
7347 1298 7312 2242
7289 1302 7324 2246
7238 1323 7346 2236
7221 1350 7360 2222
7242 1369 7360 2213
7299 1368 7351 2212
7351 1350 7335 2221
7376 1323 7324 2232
7359 1303 7326 2238
7309 1301 7339 2235
7256 1316 7352 2225
7228 1340 7355 2218
7238 1361 7349 2216
7276 1368 7332 2224
7325 1358 7319 2237
7362 1335 7322 2244
7365 1313 7343 2236
7331 1304 7357 2223
7283 1310 7358 2215
7245 1329 7349 2214
7238 1351 7327 2226
7264 1362 7313 2242
7302 1360 7322 2247
7340 1345 7342 2239
7359 1325 7359 2224
7345 1310 7361 2213
7306 1309 7352 2212
7266 1321 7342 2216
7245 1340 7333 2224
7250 1357 7328 2232
7282 1363 7329 2237
7322 1355 7333 2237
7358 1334 7334 2237
7359 1313 7339 2234
7325 1305 7349 2227
7278 1313 7354 2219
7245 1332 7351 2216
7237 1354 7345 2218
7261 1367 7338 2223
7307 1364 7329 2231
7354 1344 7319 2242
7372 1319 7317 2250
7348 1303 7336 2244
7298 1304 7358 2227
7250 1321 7363 2214
7227 1346 7355 2210
7236 1368 7341 2216
7274 1376 7316 2234
7341 1360 7306 2251
7385 1329 7314 2257
7378 1303 7341 2246
7328 1294 7365 2225
7263 1307 7368 2210
7211 1338 7356 2207
7202 1372 7332 2219
7239 1392 7311 2238
7326 1380 7306 2254
7403 1342 7325 2253
7417 1302 7355 2235
7365 1281 7368 2216
7278 1289 7362 2207
7198 1324 7347 2211
7168 1369 7330 2222
7208 1400 7312 2240
7303 1397 7315 2250
7408 1357 7336 2244
7447 1306 7358 2227
7401 1273 7363 2214
7301 1274 7355 2210
7196 1309 7337 2218
7139 1364 7316 2235
7171 1408 7308 2251
7276 1414 7325 2251
7408 1372 7352 2235
7472 1311 7365 2218
7434 1266 7361 2209
7321 1260 7344 2214
7198 1294 7321 2229
7118 1356 7307 2247
7132 1414 7313 2255
7242 1432 7342 2244
7403 1390 7364 2224
7497 1318 7366 2210
7471 1261 7354 2208
7349 1247 7329 2221
7206 1279 7312 2239
7099 1347 7308 2254
7094 1419 7328 2251
7212 1448 7356 2233
7398 1407 7367 2216
7521 1326 7361 2208
7509 1256 7346 2212
7378 1232 7328 2224
7210 1263 7325 2234
7080 1337 7329 2238
7055 1422 7336 2237
7166 1468 7345 2230
7379 1432 7346 2225
7543 1341 7342 2224
7556 1254 7344 2223
7421 1217 7345 2221
7227 1242 7344 2221
7059 1322 7337 2225
7001 1426 7331 2231
7127 1486 7334 2233
7370 1453 7339 2231
7568 1350 7348 2225
7596 1249 7351 2220
7452 1201 7349 2218
7230 1225 7341 2220
7032 1313 7329 2229
6963 1429 7326 2237
7078 1507 7339 2234
7346 1482 7351 2225
7592 1367 7354 2218
7650 1246 7347 2217
7500 1184 7333 2225
7248 1202 7329 2232
7028 1290 7336 2233
6919 1420 7347 2227
7022 1519 7352 2220
7305 1508 7350 2217
7592 1390 7336 2223
7689 1253 7321 2235
7550 1175 7321 2243
7281 1183 7333 2241
7026 1271 7330 2242
6901 1405 7255 2285
6976 1521 7052 2434
7247 1532 6792 2697
7571 1419 6789 2863
7717 1268 7277 2593
7604 1172 7641 2236
7328 1166 7655 2053
7045 1246 7480 2036
6891 1382 7228 2157
6932 1513 6825 2474
7195 1545 6455 2946
7538 1442 6692 3065
7722 1286 7427 2545
7640 1177 7751 2146
7371 1158 7671 1992
7074 1228 7433 2019
6885 1364 7108 2208
6902 1505 6763 2549
7150 1555 6709 2828
7507 1463 7120 2692
7726 1303 7572 2321
7673 1181 7673 2089
7410 1149 7535 2031
7102 1211 7338 2096
6887 1345 7089 2278
6875 1494 6915 2512
7100 1564 7013 2603
7468 1486 7349 2431
7725 1322 7556 2215
7705 1188 7549 2101
7453 1144 7425 2098
7136 1195 7264 2183
6899 1323 7121 2323
6854 1478 7103 2429
7059 1563 7251 2403
7422 1503 7428 2279
7705 1343 7485 2175
7722 1201 7437 2139
7492 1144 7353 2163
7173 1184 7259 2231
6918 1306 7209 2305
6850 1461 7239 2335
7024 1560 7337 2295
7376 1518 7409 2229
7682 1364 7416 2185
7735 1214 7379 2178
7527 1145 7324 2205
7208 1175 7275 2250
6943 1288 7267 2284
6849 1441 7302 2285
6990 1553 7363 2250
7328 1530 7391 2212
7652 1386 7381 2194
7743 1231 7353 2198
7565 1150 7317 2222
7253 1166 7294 2250
6966 1271 7291 2270
6846 1425 7327 2262
6965 1546 7366 2234
7287 1540 7378 2210
7626 1404 7366 2201
7747 1245 7343 2209
7593 1154 7318 2228
7287 1160 7302 2250
6997 1254 7313 2257
6856 1402 7342 2245
6938 1532 7365 2224
7239 1547 7367 2210
7587 1425 7355 2208
7743 1264 7341 2214
7622 1163 7328 2226
7330 1156 7321 2238
7034 1239 7327 2241
6860 1385 7338 2237
6924 1519 7353 2226
7198 1549 7357 2217
7547 1442 7352 2214
7732 1282 7344 2217
7643 1172 7335 2224
7366 1154 7328 2232
7069 1226 7327 2238
6887 1361 7333 2238
6907 1500 7345 2231
7155 1548 7354 2222
7501 1459 7354 2216
7713 1303 7348 2215
7660 1185 7341 2219
7404 1155 7336 2225
7107 1215 7333 2230
6907 1343 7333 2233
6907 1481 7335 2234
7126 1541 7343 2230
7459 1469 7348 2224
7687 1322 7350 2220
7667 1201 7348 2218
7439 1160 7344 2219
7149 1207 7336 2225
6938 1324 7333 2230
6910 1459 7334 2232
7095 1531 7339 2231
7410 1479 7346 2226
7653 1342 7350 2221
7668 1217 7349 2219
7467 1167 7346 2219
7188 1203 7339 2222
6971 1309 7331 2229
6919 1440 7328 2236
7075 1519 7333 2237
7367 1484 7340 2234
7617 1360 7352 2224
7663 1235 7354 2217
7493 1176 7349 2216
7228 1199 7343 2219
7001 1295 7339 2222
6934 1419 7325 2233
7053 1506 7323 2240
7325 1488 7328 2242
7580 1377 7340 2237
7654 1253 7355 2225
7516 1185 7358 2215
7265 1198 7351 2213
7041 1281 7342 2217
6946 1401 7333 2225
7044 1491 7324 2235
7292 1487 7321 2243
7544 1389 7332 2242
7638 1269 7348 2232
7527 1196 7358 2220
7294 1200 7356 2213
7072 1273 7347 2214
6968 1385 7339 2219
7039 1477 7331 2227
7263 1484 7325 2236
7509 1400 7325 2242
7622 1285 7335 2239
7539 1209 7350 2229
7328 1203 7357 2219
7113 1263 7354 2214
6997 1364 7346 2216
7035 1456 7338 2221
7224 1479 7331 2229
7461 1412 7333 2232
7593 1305 7340 2230
7545 1225 7348 2224
7361 1207 7350 2220
7152 1256 7347 2219
7020 1350 7340 2222
7036 1442 7333 2228
7205 1473 7335 2230
7431 1419 7343 2228
7574 1318 7349 2222
7548 1235 7346 2221
7381 1212 7335 2226
7179 1252 7325 2235
7040 1338 7330 2238
7041 1427 7342 2233
7187 1464 7353 2223
7396 1423 7354 2217
7545 1332 7349 2216
7543 1250 7336 2222
7402 1218 7324 2233
7210 1248 7320 2243
7068 1326 7335 2240
7048 1413 7353 2228
7172 1457 7359 2217
7372 1426 7354 2213
7526 1342 7338 2219
7541 1260 7322 2233
7417 1224 7322 2241
7235 1246 7337 2238
7090 1316 7353 2227
7059 1398 7358 2217
7158 1447 7353 2213
7339 1428 7338 2219
7495 1354 7322 2233
7530 1274 7323 2240
7429 1233 7339 2236
7261 1247 7353 2225
7119 1308 7356 2216
7074 1385 7349 2215
7153 1436 7332 2224
7315 1426 7323 2235
7468 1361 7331 2238
7514 1287 7347 2230
7436 1244 7355 2221
7287 1250 7354 2215
7149 1300 7341 2219
7091 1371 7324 2231
7143 1426 7317 2243
7291 1426 7332 2242
7443 1371 7352 2230
7506 1299 7360 2217
7448 1251 7355 2212
7310 1250 7339 2218
7172 1294 7320 2233
7106 1360 7311 2248
7143 1414 7328 2247
7269 1422 7353 2232
7414 1377 7363 2217
7487 1310 7358 2211
7448 1261 7342 2215
7327 1253 7319 2231
7195 1288 7310 2247
7118 1349 7325 2248
7139 1404 7350 2234
7250 1420 7362 2219
7391 1384 7359 2211
7475 1320 7345 2214
7453 1269 7323 2228
7345 1256 7310 2245
7217 1284 7321 2250
7137 1339 7348 2237
7142 1393 7363 2220
7238 1413 7361 2211
7366 1387 7350 2211
7455 1331 7334 2220
7451 1279 7324 2232
7360 1260 7329 2237
7239 1281 7342 2233
7153 1331 7353 2223
7146 1384 7354 2217
7225 1409 7347 2217
7346 1390 7329 2227
7439 1339 7317 2241
7448 1288 7325 2245
7372 1265 7348 2234
7259 1279 7360 2220
7170 1323 7358 2212
7152 1374 7345 2215
7216 1402 7326 2228
7325 1391 7318 2240
7420 1346 7327 2243
7441 1297 7346 2234
7380 1272 7358 2221
7278 1280 7357 2214
7191 1317 7349 2214
7164 1363 7340 2219
7211 1393 7331 2227
7306 1388 7324 2236
7393 1353 7329 2240
7426 1308 7337 2237
7384 1280 7343 2232
7295 1282 7350 2225
7211 1312 7353 2219
7176 1355 7350 2217
7209 1386 7345 2218
7294 1386 7340 2222
7379 1356 7332 2228
7417 1315 7326 2236
7386 1287 7321 2244
7309 1286 7326 2246
7231 1310 7346 2236
7193 1346 7360 2222
7211 1376 7360 2213
7277 1382 7351 2212
7353 1362 7334 2221
7399 1327 7312 2239
7388 1297 7303 2256
7328 1289 7318 2258
7255 1306 7350 2241
7210 1337 7369 2219
7216 1366 7366 2207
7267 1377 7351 2208
7335 1363 7327 2222
7381 1334 7305 2244
7381 1306 7304 2259
7336 1294 7330 2253
7271 1304 7360 2232
7223 1331 7370 2213
7219 1358 7361 2206
7256 1372 7345 2211
7316 1365 7321 2228
7362 1343 7310 2245
7377 1316 7317 2252
7348 1300 7343 2241
7293 1303 7362 2224
7243 1323 7364 2211
7226 1349 7353 2210
7250 1366 7330 2222
7299 1365 7313 2240
7345 1349 7308 2254
7368 1325 7330 2250
7354 1307 7357 2232
7310 1304 7367 2215
7262 1317 7360 2208
7235 1340 7343 2213
7244 1360 7316 2232
7278 1366 7304 2251
7330 1354 7318 2255
7361 1332 7348 2240
7359 1312 7366 2221
7324 1304 7365 2209
7276 1312 7352 2209
7241 1333 7326 2224
7239 1354 7310 2243
7266 1366 7311 2254
7311 1361 7337 2246
7350 1342 7361 2227
7364 1319 7366 2213
7340 1305 7357 2208
7293 1308 7342 2214
7251 1325 7324 2228
7236 1347 7321 2238
7250 1363 7326 2242
7288 1366 7341 2236
7336 1352 7352 2226
7367 1328 7354 2218
7358 1308 7349 2216
7316 1303 7343 2219
7266 1315 7340 2222
7236 1337 7339 2225
7233 1360 7334 2229
7264 1371 7335 2231
7319 1363 7336 2232
7366 1339 7344 2228
7375 1313 7350 2222
7341 1300 7350 2218
7286 1306 7346 2218
7241 1326 7340 2222
7223 1352 7330 2230
7238 1373 7332 2233
7290 1375 7340 2231
7356 1353 7349 2225
7389 1322 7352 2219
7370 1299 7347 2218
7313 1295 7338 2223
7250 1312 7332 2229
7209 1344 7335 2231
7210 1375 7344 2227
7257 1389 7349 2222
7343 1372 7349 2219
7407 1333 7337 2224
7406 1297 7321 2236
7345 1283 7321 2244
7262 1297 7327 2245
7197 1332 7309 2256
7178 1374 7217 2317
7221 1401 7022 2474
7320 1392 6846 2689
7417 1348 7016 2700
7441 1300 7457 2402
7385 1272 7638 2151
7283 1279 7565 2053
7189 1317 7392 2083
7142 1371 7092 2267
7170 1416 6707 2629
7285 1418 6507 3020
7424 1370 6942 2904
7485 1304 7581 2387
7436 1259 7750 2077
7312 1257 7598 1990
7182 1297 7360 2055
7100 1365 7001 2294
7125 1425 6684 2664
7261 1436 6748 2873
7429 1385 7269 2602
7515 1307 7642 2239
7470 1251 7659 2053
7332 1242 7484 2034
7179 1282 7263 2138
7072 1359 6997 2360
7080 1436 6870 2596
7221 1461 7064 2617
7428 1409 7440 2377
7554 1316 7595 2164
7525 1241 7535 2078
7369 1221 7388 2102
7183 1259 7203 2219
7042 1345 7058 2385
7038 1436 7093 2475
7175 1478 7297 2399
7405 1432 7471 2250
7569 1331 7499 2150
7565 1242 7426 2129
7410 1209 7326 2171
7203 1241 7209 2265
7035 1328 7178 2346
6996 1434 7248 2356
7128 1494 7374 2285
7382 1456 7436 2207
7586 1346 7421 2168
7608 1241 7367 2174
7450 1195 7302 2214
7218 1222 7252 2269
7024 1312 7254 2304
6966 1426 7308 2294
7083 1503 7379 2246
7340 1480 7403 2203
7582 1368 7384 2187
7641 1249 7349 2197
7496 1189 7304 2228
7253 1206 7281 2262
7035 1291 7295 2275
6929 1418 7336 2259
7031 1514 7372 2228
7306 1503 7378 2206
7585 1388 7362 2201
7678 1255 7338 2211
7543 1179 7307 2236
7281 1186 7296 2258
7032 1271 7316 2261
6913 1402 7354 2240
6994 1511 7372 2217
7266 1515 7367 2205
7563 1406 7350 2207
7687 1268 7332 2219
7574 1181 7320 2234
7314 1179 7319 2244
7053 1257 7331 2243
6906 1388 7349 2232
6965 1506 7359 2219
7217 1530 7356 2213
7536 1430 7347 2214
7700 1284 7338 2220
7615 1183 7329 2229
7357 1168 7327 2236
7082 1236 7331 2238
6901 1368 7343 2232
6921 1502 7353 2223
7159 1549 7354 2217
7506 1457 7349 2216
7715 1301 7343 2219
7659 1184 7338 2224
7402 1155 7335 2228
7100 1218 7334 2231
6897 1350 7336 2232
6897 1492 7341 2229
7125 1552 7346 2225
7476 1472 7349 2221
7709 1316 7348 2219
7679 1190 7345 2219
7431 1153 7340 2222
7129 1206 7334 2227
6907 1333 7332 2232
6867 1485 7337 2232
7077 1564 7344 2228
7442 1496 7350 2222
7714 1334 7350 2218
7715 1195 7346 2218
7475 1144 7342 2220
7157 1188 7335 2226
6909 1312 7328 2233
6847 1469 7330 2237
7030 1565 7335 2236
7394 1516 7348 2228
7698 1358 7354 2220
7741 1207 7352 2215
7521 1142 7345 2217
7197 1174 7340 2221
6926 1292 7334 2226
6845 1448 7327 2234
6992 1559 7325 2240
7338 1532 7332 2240
7666 1383 7348 2231
7752 1225 7357 2220
7563 1145 7355 2214
7243 1164 7347 2215
6955 1272 7338 2221
6840 1428 7330 2229
6965 1548 7323 2238
7291 1540 7324 2244
7630 1403 7340 2238
7750 1243 7356 2225
7592 1152 7359 2215
7282 1160 7352 2212
6990 1257 7342 2216
6851 1407 7332 2224
6947 1533 7324 2235
7250 1542 7320 2244
7590 1420 7328 2245
7738 1262 7349 2233
7614 1163 7360 2219
7322 1158 7357 2212
7030 1242 7347 2214
6873 1383 7339 2219
6931 1514 7330 2228
7202 1543 7329 2234
7542 1439 7336 2234
7721 1284 7346 2228
7635 1177 7352 2221
7366 1159 7351 2217
7076 1229 7346 2217
6898 1361 7336 2223
6917 1496 7333 2228
7158 1543 7336 2230
7496 1457 7344 2226
7705 1305 7348 2222
7656 1189 7345 2221
7407 1158 7336 2225
7115 1216 7327 2233
6919 1340 7328 2238
6909 1476 7344 2232
7123 1536 7354 2223
7448 1469 7355 2216
7675 1326 7349 2215
7662 1205 7336 2222
7441 1164 7321 2235
7157 1210 7321 2243
6946 1325 7339 2238
6914 1460 7355 2226
7100 1530 7359 2216
7413 1477 7353 2213
7653 1340 7336 2221
7664 1217 7323 2233
7463 1168 7325 2239
7185 1205 7338 2236
6975 1310 7352 2226
6925 1438 7356 2217
7073 1519 7351 2214
7365 1485 7336 2221
7616 1361 7324 2232
7663 1236 7323 2240
7495 1176 7338 2236
7230 1199 7352 2226
7008 1293 7356 2217
6934 1418 7350 2215
7056 1504 7335 2222
7324 1487 7325 2233
7577 1377 7330 2237
7651 1254 7345 2230
7514 1187 7353 2222
7267 1199 7353 2216
7040 1283 7342 2219
6947 1402 7320 2234
7041 1493 7320 2243
7290 1490 7337 2239
7547 1390 7354 2226
7643 1269 7358 2216
7532 1195 7352 2213
7298 1197 7335 2221
7073 1270 7320 2234
6965 1383 7315 2246
7031 1477 7329 2245
7258 1487 7352 2232
7509 1402 7362 2218
7625 1285 7358 2211
7542 1207 7342 2215
7328 1200 7319 2231
7107 1262 7311 2246
6984 1367 7323 2249
7028 1462 7349 2236
7230 1483 7363 2219
7473 1411 7360 2211
7604 1300 7345 2214
7547 1219 7317 2232
7353 1205 7311 2247
7141 1257 7327 2247
7010 1354 7352 2233
7037 1446 7363 2218
7209 1475 7359 2210
7439 1418 7347 2212
7581 1315 7330 2223
7550 1232 7325 2233
7378 1210 7330 2237
7173 1252 7344 2231
7038 1339 7353 2222
7036 1430 7353 2216
7180 1470 7345 2218
7401 1426 7326 2229
7555 1331 7318 2241
7551 1247 7328 2243
7404 1215 7349 2232
7207 1246 7359 2219
7061 1325 7356 2213
7043 1413 7342 2217
7164 1459 7325 2230
7367 1428 7321 2240
7524 1343 7329 2242
7540 1261 7349 2231
7417 1224 7358 2219
7235 1246 7355 2213
7092 1316 7346 2215
7057 1399 7337 2221
7157 1448 7327 2231
7338 1429 7321 2241
7496 1355 7329 2242
7533 1275 7339 2237
7434 1233 7353 2226
7266 1245 7357 2217
7120 1305 7352 2214
7074 1382 7344 2217
7149 1435 7339 2222
7309 1428 7336 2226
7465 1365 7334 2230
7518 1288 7327 2237
7441 1243 7327 2241
7290 1248 7341 2235
7147 1300 7354 2224
7086 1374 7356 2216
7146 1428 7350 2214
7298 1426 7342 2218
7450 1369 7325 2230
7510 1295 7308 2248
7445 1248 7313 2256
7302 1249 7332 2250
7163 1294 7359 2230
7098 1362 7367 2214
7142 1417 7359 2208
7274 1424 7345 2212
7422 1376 7318 2230
7493 1307 7302 2251
7449 1259 7306 2262
7324 1253 7339 2250
7192 1290 7367 2226
7121 1351 7371 2209
7145 1404 7358 2206
7258 1417 7337 2216
7394 1380 7315 2234
7472 1319 7307 2250
7448 1270 7320 2253
7342 1258 7348 2239
7218 1286 7365 2221
7141 1339 7364 2210
7147 1392 7352 2209
7239 1411 7328 2223
7366 1384 7310 2242
7450 1330 7312 2253
7444 1281 7338 2244
7356 1263 7360 2226
7240 1284 7364 2213
7159 1332 7355 2209
7157 1381 7334 2219
7233 1403 7312 2238
7344 1384 7308 2253
7428 1338 7322 2254
7436 1291 7353 2236
7365 1270 7367 2217
7260 1284 7362 2208
7179 1326 7347 2211
7164 1372 7320 2228
7224 1397 7307 2247
7327 1385 7313 2255
7412 1343 7340 2245
7428 1299 7363 2225
7371 1277 7366 2211
7278 1285 7355 2209
7199 1319 7340 2216
7175 1362 7325 2229
7219 1390 7320 2240
7307 1385 7328 2242
7391 1351 7344 2235
7420 1309 7357 2223
7379 1284 7358 2215
7297 1286 7351 2213
7219 1314 7342 2217
7188 1353 7334 2224
7216 1381 7330 2231
7292 1382 7333 2234
7368 1356 7340 2231
7405 1319 7344 2227
7381 1292 7349 2222
7312 1289 7349 2219
7239 1311 7346 2219
7203 1344 7343 2220
